泰安泰山实验中学
坐标
{
  "type": "FeatureCollection",
  "features": [
    {
      "type": "Feature",
      "properties": {},
      "geometry": {
        "type": "Point",
        "coordinates": [117.07416994589666, 36.19887221134]
      }
    }
  ]
}
学区
{
  "type": "FeatureCollection",
  "features": [
    {
      "type": "Feature",
      "properties": {},
      "geometry": {
        "type": "LineString",
        "coordinates": [
          [117.10470683275997, 36.18267400702123],
          [117.10464280538635, 36.18303590042423],
          [117.10467876492433, 36.183326838271135],
          [117.10473373513668, 36.183488813173476],
          [117.1051025669216, 36.1843317081583],
          [117.10515454873445, 36.18440670463235],
          [117.1052095226898, 36.18454768576661],
          [117.10663006595966, 36.18676059504148],
          [117.10670604193434, 36.186901586889135],
          [117.10674102859201, 36.186987577981206],
          [117.10679000870945, 36.18711956270932],
          [117.10684096481678, 36.18746349556903],
          [117.10687190896672, 36.18793139040581],
          [117.10688077609485, 36.189100102635024],
          [117.10475505918585, 36.18943434344578],
          [117.10423916340706, 36.18951718741334],
          [117.10252860694676, 36.18981674471471],
          [117.10197478066877, 36.189942620959016],
          [117.10157091497761, 36.190058532997874],
          [117.09985056945904, 36.19069320195299],
          [117.09939576964366, 36.190857136831475],
          [117.09952467704632, 36.19111807754288],
          [117.09961460452253, 36.19137501786191],
          [117.09980739777934, 36.19239277408653],
          [117.0998553273924, 36.19281667083792],
          [117.09984925785126, 36.19345750972163],
          [117.09974809018308, 36.19536402439541],
          [117.09676976370511, 36.19518708841522],
          [117.09337825497724, 36.19505262092743],
          [117.09348594849006, 36.19698411050662],
          [117.09364860620674, 36.198843605640874],
          [117.09234670574457, 36.19884991576101],
          [117.09082910734965, 36.19885037473899],
          [117.09130127373895, 36.202249357818154],
          [117.09093161900591, 36.20230146418831],
          [117.09030821729051, 36.20240065458598],
          [117.09062774180308, 36.20382117962078],
          [117.09075255175233, 36.204427981827756],
          [117.09082047141983, 36.20455692587957],
          [117.0909173630262, 36.20468985945651],
          [117.0912290508371, 36.204825723228325],
          [117.09152876306763, 36.20489161290077],
          [117.09166063668577, 36.20493256257275],
          [117.0917215753322, 36.204980532148376],
          [117.09177950733375, 36.20511348102911],
          [117.09129795027799, 36.205141620566565],
          [117.0905756282232, 36.205278825058116],
          [117.0899082768256, 36.2054380265007],
          [117.08973245319751, 36.205468085947174],
          [117.08941977398706, 36.20549620158834],
          [117.08900721137594, 36.2054823739424],
          [117.08857968219418, 36.205401577652545],
          [117.0879703771635, 36.205230896415856],
          [117.0867168665302, 36.20493159154575],
          [117.08525271223394, 36.20463148056382],
          [117.0844757418169, 36.20446099449021],
          [117.08332933147324, 36.204132822102764],
          [117.08266028942482, 36.20397532379143],
          [117.07981057866054, 36.20394252367451],
          [117.07955698010522, 36.203959732010844],
          [117.07923848669904, 36.20400499171207],
          [117.07883112909208, 36.204185299237395],
          [117.07863244192066, 36.20430744318892],
          [117.07830195710041, 36.20459966377031],
          [117.07795251338128, 36.20486491347332],
          [117.07773686373189, 36.20499607860427],
          [117.07743835728004, 36.205139320407994],
          [117.07715882787362, 36.20523855937428],
          [117.07495873240194, 36.20558067413424],
          [117.074118295931, 36.20569854201467],
          [117.07358530269447, 36.20581709738363],
          [117.0730962358376, 36.205964608086475],
          [117.07276486963325, 36.20611694666787],
          [117.07251435220482, 36.2062372045358],
          [117.0715981380444, 36.2067501522802],
          [117.07116001826105, 36.20690564147849],
          [117.07079975104799, 36.20702305270359],
          [117.07036864155577, 36.20712456223044],
          [117.06997446337134, 36.20722803244377],
          [117.06964814759917, 36.207335421222716],
          [117.06935475926853, 36.20750675549415],
          [117.06903641735265, 36.20778909760691],
          [117.0688967399413, 36.207627322512984],
          [117.06874807561576, 36.20753354265766],
          [117.06863433549012, 36.20744171688464],
          [117.0685385459521, 36.20744384363222],
          [117.06838888431822, 36.20737106200394],
          [117.06797385885724, 36.20690274100936],
          [117.06787609285433, 36.20676490908198],
          [117.06769353647074, 36.20646023612693],
          [117.0675289616268, 36.2059745862214],
          [117.06746619300803, 36.20517687683784],
          [117.0674582461375, 36.20486396783149],
          [117.06741935405984, 36.20468606692308],
          [117.06738749154947, 36.20410425956284],
          [117.06730486952695, 36.20240680669082],
          [117.06727597148416, 36.20208292916258],
          [117.0672141828032, 36.20145117554882],
          [117.06716035687725, 36.20099136717648],
          [117.06723033149399, 36.199801571998094],
          [117.06726233980832, 36.19881575779142],
          [117.06656297456064, 36.19877576704789],
          [117.06484103320246, 36.19870328567225],
          [117.06481010736444, 36.19870333170936],
          [117.06480113170464, 36.19867835140385],
          [117.06487006242983, 36.19782346499489],
          [117.06578090494251, 36.19779613483753],
          [117.0659375393828, 36.19778191203344],
          [117.06617499000653, 36.197739581503356],
          [117.06732933526561, 36.19776894939597],
          [117.0675079447179, 36.19764973321332],
          [117.06764878189476, 36.19627488691693],
          [117.06852892282564, 36.18648614650921],
          [117.06861986612064, 36.18521034187997],
          [117.07016357711566, 36.18486442984442],
          [117.07071842670719, 36.184736768677546],
          [117.07238307791637, 36.18433187108104],
          [117.07272738163513, 36.18424947930855],
          [117.07300584139479, 36.18418517735774],
          [117.07349490256051, 36.184074654701924],
          [117.07452397143929, 36.183828592738465],
          [117.0754702644837, 36.18361566591055],
          [117.07545726906939, 36.18378563726597],
          [117.07530829449297, 36.18598124738241],
          [117.07525630043888, 36.18677610401413],
          [117.0751973063558, 36.187686938963616],
          [117.0751643172213, 36.188129863117545],
          [117.07501341263068, 36.189756615443414],
          [117.07494447781131, 36.190311549278796],
          [117.07561021278019, 36.19069676352139],
          [117.07664230442477, 36.19125459405706],
          [117.07713341952744, 36.19149805970165],
          [117.07850701503814, 36.192184620882244],
          [117.07947238263377, 36.19271464823659],
          [117.08080523198593, 36.19328941334189],
          [117.0812725098376, 36.193417017838364],
          [117.0825166580468, 36.19365603801048],
          [117.08373793995086, 36.19375517807832],
          [117.08468267589089, 36.193764575937344],
          [117.08540574988483, 36.19370415927058],
          [117.0864734485334, 36.19350561461234],
          [117.0871966095381, 36.19331728843833],
          [117.08825345199857, 36.19290188931074],
          [117.08990776510888, 36.19225736401473],
          [117.09268228986417, 36.19108378186061],
          [117.09473972884054, 36.19023256736168],
          [117.09576404099448, 36.18979153496927],
          [117.0958769719048, 36.18971454131595],
          [117.09485280426995, 36.188817902113094],
          [117.09493090707204, 36.187395243965135],
          [117.09527906398102, 36.18375909440137],
          [117.09961743103875, 36.18404384097487],
          [117.10109476885538, 36.18413594371266],
          [117.10166055612828, 36.18408502937663],
          [117.10232533636001, 36.1839521656921],
          [117.1028681882311, 36.18372132129945],
          [117.10363901251652, 36.1833255806342],
          [117.10424390303308, 36.18295881568106],
          [117.10470683275997, 36.18267400702123]
        ]
      }
    }
  ]
}

山东省泰安南关中学
坐标
{
  "type": "FeatureCollection",
  "features": [
    {
      "type": "Feature",
      "properties": {},
      "geometry": {
        "type": "Point",
        "coordinates": [117.13104112710667, 36.17399675330895]
      }
    }
  ]
}
学区
{
  "type": "FeatureCollection",
  "features": [
    {
      "type": "Feature",
      "properties": {},
      "geometry": {
        "type": "LineString",
        "coordinates": [
          [117.13383546090394, 36.1617493022818],
          [117.13160849473691, 36.16702016015757],
          [117.13127306301458, 36.16782054651594],
          [117.13097969029465, 36.16850801543845],
          [117.13039595506645, 36.169904958945025],
          [117.12979721701919, 36.171314890956424],
          [117.12947583256745, 36.17201833492483],
          [117.1292726046254, 36.17234701311165],
          [117.12905036055605, 36.172676669855505],
          [117.1321494185802, 36.17265847962223],
          [117.1322083683789, 36.17365031346186],
          [117.13228830672541, 36.17494010121799],
          [117.13208809521085, 36.17495884127157],
          [117.13213110488948, 36.17527081990679],
          [117.1321580394383, 36.17610065157438],
          [117.13222803993578, 36.17674558320349],
          [117.13229107693604, 36.177003600620715],
          [117.13247427072878, 36.17699583723125],
          [117.13246200442865, 36.1792422709227],
          [117.13239681468617, 36.18031492377503],
          [117.13238777912113, 36.18054585540383],
          [117.13211526975552, 36.18252901878155],
          [117.13205414493714, 36.18307080728368],
          [117.1294375107016, 36.18337050290561],
          [117.12887798882416, 36.183381837989714],
          [117.12832648678572, 36.18339019290247],
          [117.12723052607726, 36.18339794183745],
          [117.12503175261823, 36.18335656369944],
          [117.12457240524152, 36.18336808217686],
          [117.1240800435832, 36.18337357565612],
          [117.1236807546983, 36.18340616399405],
          [117.12331049293742, 36.18345978461819],
          [117.12203061041427, 36.18376746782333],
          [117.12139421419295, 36.18377986917459],
          [117.12086491286838, 36.183661414030766],
          [117.12038367186196, 36.1833580572331],
          [117.1199353812913, 36.18374356729367],
          [117.11860857312848, 36.18489915607748],
          [117.1184384727917, 36.18506997417276],
          [117.11833240894164, 36.18519385698064],
          [117.1182353489883, 36.18532474575531],
          [117.11812227694006, 36.185501610570135],
          [117.11802420121106, 36.18577646358193],
          [117.11792409272277, 36.18633724436407],
          [117.11782697947885, 36.18695601337562],
          [117.11908255404524, 36.187129997417166],
          [117.11985694657437, 36.18721863781234],
          [117.12096655507338, 36.187356590517545],
          [117.1215749173883, 36.18738514324824],
          [117.12250149755234, 36.1874560034133],
          [117.12350717111188, 36.18751997411287],
          [117.12453790835264, 36.187570008930216],
          [117.12535152250835, 36.18760585207232],
          [117.12610811614235, 36.187659650861114],
          [117.12572941425985, 36.191191361305684],
          [117.12295140602697, 36.190915578120745],
          [117.1199125902635, 36.19063883408746],
          [117.11351316762737, 36.18992719687017],
          [117.1138486961302, 36.18598139210401],
          [117.11177933462402, 36.185441278811325],
          [117.1116172796428, 36.18571412067329],
          [117.11141421802229, 36.18600793587907],
          [117.11100912252357, 36.18640561882599],
          [117.110535032682, 36.186769281323315],
          [117.10983092728938, 36.18724581249729],
          [117.10946588502398, 36.18747058284416],
          [117.1090728469904, 36.18771334143028],
          [117.10886883239431, 36.187821223103256],
          [117.10869684286203, 36.18772517117662],
          [117.10845785569178, 36.18762909173165],
          [117.10814188053709, 36.18747199775959],
          [117.10794690351773, 36.187329953026676],
          [117.1078419180035, 36.187241932452174],
          [117.10773493824044, 36.18710892271285],
          [117.10684196686462, 36.187444500651885],
          [117.10679900600205, 36.18713556196256],
          [117.10671703841493, 36.18692258558143],
          [117.10658407597866, 36.186716589825885],
          [117.10521452030945, 36.18456068401248],
          [117.10515954792015, 36.18440570633038],
          [117.10511556323642, 36.18434270918318],
          [117.10467676365234, 36.18334183402706],
          [117.10461680867004, 36.18305588852196],
          [117.10470683366302, 36.1826660089948],
          [117.1052947947601, 36.18200233944905],
          [117.10604781751233, 36.180743884177595],
          [117.10671587080134, 36.179553404987246],
          [117.10810104772933, 36.177148526736595],
          [117.10865514336312, 36.176210991058085],
          [117.10946732190573, 36.17474771551454],
          [117.11089770404998, 36.17229002569361],
          [117.11103175794877, 36.17194618017477],
          [117.1110807852428, 36.17175525266871],
          [117.1111008156109, 36.1715073235617],
          [117.11108584814087, 36.17120338932184],
          [117.11101687123465, 36.17092741952166],
          [117.11081891523459, 36.17034445645755],
          [117.11135900414573, 36.17012479820792],
          [117.11248825139299, 36.16953758128294],
          [117.1133144857999, 36.16898721532874],
          [117.11369661287185, 36.16866753334966],
          [117.11423581786244, 36.16809602082546],
          [117.11597964021185, 36.16568580889456],
          [117.11724732631139, 36.16395617493966],
          [117.11779764746656, 36.16320678611655],
          [117.11815584228044, 36.162912143561016],
          [117.11852404531523, 36.16263950866794],
          [117.11893827734616, 36.16236691718421],
          [117.11945756734514, 36.16213141270777],
          [117.11987780538136, 36.16199080892021],
          [117.12049616165075, 36.16185938545661],
          [117.12096743979879, 36.16180282364312],
          [117.12148175079183, 36.16177530268885],
          [117.1231378211857, 36.16177688691281],
          [117.12501617985684, 36.161767800992024],
          [117.13383546090394, 36.1617493022818]
        ]
      }
    }
  ]
}

